98
NULL 0 NULL 0
မ 1 0,255,0,255,0,0,0,0,0,0 Myanmar 3 0 3 မ	# မ [1019 ]x
ိ 0 0,255,0,255,0,0,0,0,0,0 Myanmar 4 17 4 ိ	# ိ [102d ]
ူ 0 0,255,0,255,0,0,0,0,0,0 Myanmar 5 17 5 ူ	# ူ [1030 ]
င 1 0,255,0,255,0,0,0,0,0,0 Myanmar 6 0 6 င	# င [1004 ]x
် 0 0,255,0,255,0,0,0,0,0,0 Myanmar 7 17 7 ်	# ် [103a ]
း 0 0,255,0,255,0,0,0,0,0,0 Myanmar 8 0 8 း	# း [1038 ]
ထ 1 0,255,0,255,0,0,0,0,0,0 Myanmar 9 0 9 ထ	# ထ [1011 ]x
ႆ 0 0,255,0,255,0,0,0,0,0,0 Myanmar 10 17 10 ႆ	# ႆ [1086 ]
ပ 1 0,255,0,255,0,0,0,0,0,0 Myanmar 11 0 11 ပ	# ပ [1015 ]x
ွ 0 0,255,0,255,0,0,0,0,0,0 Myanmar 12 17 12 ွ	# ွ [103d ]
တ 1 0,255,0,255,0,0,0,0,0,0 Myanmar 13 0 13 တ	# တ [1010 ]x
ဝ 1 0,255,0,255,0,0,0,0,0,0 Myanmar 14 0 14 ဝ	# ဝ [101d ]x
ၼ 1 0,255,0,255,0,0,0,0,0,0 Myanmar 15 0 15 ၼ	# ၼ [107c ]x
ဢ 1 0,255,0,255,0,0,0,0,0,0 Myanmar 16 0 16 ဢ	# ဢ [1022 ]x
ၵ 1 0,255,0,255,0,0,0,0,0,0 Myanmar 17 0 17 ၵ	# ၵ [1075 ]x
ႇ 0 0,255,0,255,0,0,0,0,0,0 Myanmar 18 0 18 ႇ	# ႇ [1087 ]
ႃ 0 0,255,0,255,0,0,0,0,0,0 Myanmar 19 0 19 ႃ	# ႃ [1083 ]
ႈ 0 0,255,0,255,0,0,0,0,0,0 Myanmar 20 0 20 ႈ	# ႈ [1088 ]
။ 16 0,255,0,255,0,0,0,0,0,0 Myanmar 21 0 21 ။	# ။ [104b ]p
ႉ 0 0,255,0,255,0,0,0,0,0,0 Myanmar 22 0 22 ႉ	# ႉ [1089 ]
ႁ 1 0,255,0,255,0,0,0,0,0,0 Myanmar 23 0 23 ႁ	# ႁ [1081 ]x
လ 1 0,255,0,255,0,0,0,0,0,0 Myanmar 24 0 24 လ	# လ [101c ]x
ႄ 0 0,255,0,255,0,0,0,0,0,0 Myanmar 25 0 25 ႄ	# ႄ [1084 ]
ၸ 1 0,255,0,255,0,0,0,0,0,0 Myanmar 26 0 26 ၸ	# ၸ [1078 ]x
ၢ 0 0,255,0,255,0,0,0,0,0,0 Myanmar 27 0 27 ၢ	# ၢ [1062 ]
0 8 0,255,0,255,0,0,0,0,0,0 Common 28 2 28 0	# 0 [30 ]0
1 8 0,255,0,255,0,0,0,0,0,0 Common 29 2 29 1	# 1 [31 ]0
2 8 0,255,0,255,0,0,0,0,0,0 Common 30 2 30 2	# 2 [32 ]0
4 8 0,255,0,255,0,0,0,0,0,0 Common 31 2 31 4	# 4 [34 ]0
ု 0 0,255,0,255,0,0,0,0,0,0 Myanmar 32 17 32 ု	# ု [102f ]
႞ 0 0,255,0,255,0,0,0,0,0,0 Myanmar 33 0 33 ႞	# ႞ [109e ]
ေ 0 0,255,0,255,0,0,0,0,0,0 Myanmar 34 0 34 ေ	# ေ [1031 ]
ီ 0 0,255,0,255,0,0,0,0,0,0 Myanmar 35 17 35 ီ	# ီ [102e ]
သ 1 0,255,0,255,0,0,0,0,0,0 Myanmar 36 0 36 သ	# သ [101e ]x
ယ 1 0,255,0,255,0,0,0,0,0,0 Myanmar 37 0 37 ယ	# ယ [101a ]x
ၶ 1 0,255,0,255,0,0,0,0,0,0 Myanmar 38 0 38 ၶ	# ၶ [1076 ]x
ၺ 1 0,255,0,255,0,0,0,0,0,0 Myanmar 39 0 39 ၺ	# ၺ [107a ]x
ၻ 1 0,255,0,255,0,0,0,0,0,0 Myanmar 40 0 40 ၻ	# ၻ [107b ]x
ႊ 0 0,255,0,255,0,0,0,0,0,0 Myanmar 41 0 41 ႊ	# ႊ [108a ]
ၽ 1 0,255,0,255,0,0,0,0,0,0 Myanmar 42 0 42 ၽ	# ၽ [107d ]x
5 8 0,255,0,255,0,0,0,0,0,0 Common 43 2 43 5	# 5 [35 ]0
3 8 0,255,0,255,0,0,0,0,0,0 Common 44 2 44 3	# 3 [33 ]0
ၾ 1 0,255,0,255,0,0,0,0,0,0 Myanmar 45 0 45 ၾ	# ၾ [107e ]x
ႅ 0 0,255,0,255,0,0,0,0,0,0 Myanmar 46 17 46 ႅ	# ႅ [1085 ]
၊ 16 0,255,0,255,0,0,0,0,0,0 Myanmar 47 0 47 ၊	# ၊ [104a ]p
6 8 0,255,0,255,0,0,0,0,0,0 Common 48 2 48 6	# 6 [36 ]0
9 8 0,255,0,255,0,0,0,0,0,0 Common 49 2 49 9	# 9 [39 ]0
ရ 1 0,255,0,255,0,0,0,0,0,0 Myanmar 50 0 50 ရ	# ရ [101b ]x
့ 0 0,255,0,255,0,0,0,0,0,0 Myanmar 51 17 51 ့	# ့ [1037 ]
7 8 0,255,0,255,0,0,0,0,0,0 Common 52 2 52 7	# 7 [37 ]0
ျ 0 0,255,0,255,0,0,0,0,0,0 Myanmar 53 0 53 ျ	# ျ [103b ]
8 8 0,255,0,255,0,0,0,0,0,0 Common 54 2 54 8	# 8 [38 ]0
က 1 0,255,0,255,0,0,0,0,0,0 Myanmar 55 0 55 က	# က [1000 ]x
ြ 0 0,255,0,255,0,0,0,0,0,0 Myanmar 56 0 56 ြ	# ြ [103c ]
ာ 0 0,255,0,255,0,0,0,0,0,0 Myanmar 57 0 57 ာ	# ာ [102c ]
ှ 0 0,255,0,255,0,0,0,0,0,0 Myanmar 58 17 58 ှ	# ှ [103e ]
ဖ 1 0,255,0,255,0,0,0,0,0,0 Myanmar 59 0 59 ဖ	# ဖ [1016 ]x
စ 1 0,255,0,255,0,0,0,0,0,0 Myanmar 60 0 60 စ	# စ [1005 ]x
ဆ 1 0,255,0,255,0,0,0,0,0,0 Myanmar 61 0 61 ဆ	# ဆ [1006 ]x
ည 1 0,255,0,255,0,0,0,0,0,0 Myanmar 62 0 62 ည	# ည [100a ]x
န 1 0,255,0,255,0,0,0,0,0,0 Myanmar 63 0 63 န	# န [1014 ]x
ံ 0 0,255,0,255,0,0,0,0,0,0 Myanmar 64 17 64 ံ	# ံ [1036 ]
ခ 1 0,255,0,255,0,0,0,0,0,0 Myanmar 65 0 65 ခ	# ခ [1001 ]x
ၿ 1 0,255,0,255,0,0,0,0,0,0 Myanmar 66 0 66 ၿ	# ၿ [107f ]x
ဇ 1 0,255,0,255,0,0,0,0,0,0 Myanmar 67 0 67 ဇ	# ဇ [1007 ]x
အ 1 0,255,0,255,0,0,0,0,0,0 Myanmar 68 0 68 အ	# အ [1021 ]x
၃ 8 0,255,0,255,0,0,0,0,0,0 Myanmar 69 0 69 ၃	# ၃ [1043 ]0
၄ 8 0,255,0,255,0,0,0,0,0,0 Myanmar 70 0 70 ၄	# ၄ [1044 ]0
၉ 8 0,255,0,255,0,0,0,0,0,0 Myanmar 71 0 71 ၉	# ၉ [1049 ]0
ဘ 1 0,255,0,255,0,0,0,0,0,0 Myanmar 72 0 72 ဘ	# ဘ [1018 ]x
ဉ 1 0,255,0,255,0,0,0,0,0,0 Myanmar 73 0 73 ဉ	# ဉ [1009 ]x
ဲ 0 0,255,0,255,0,0,0,0,0,0 Myanmar 74 17 74 ဲ	# ဲ [1032 ]
ဗ 1 0,255,0,255,0,0,0,0,0,0 Myanmar 75 0 75 ဗ	# ဗ [1017 ]x
၂ 8 0,255,0,255,0,0,0,0,0,0 Myanmar 76 0 76 ၂	# ၂ [1042 ]0
ဂ 1 0,255,0,255,0,0,0,0,0,0 Myanmar 77 0 77 ဂ	# ဂ [1002 ]x
ါ 0 0,255,0,255,0,0,0,0,0,0 Myanmar 78 0 78 ါ	# ါ [102b ]
ဌ 1 0,255,0,255,0,0,0,0,0,0 Myanmar 79 0 79 ဌ	# ဌ [100c ]x
္ 1 0,255,0,255,0,0,0,0,0,0 Myanmar 80 17 80 ္	# ္ [1039 ]x
ဟ 1 0,255,0,255,0,0,0,0,0,0 Myanmar 81 0 81 ဟ	# ဟ [101f ]x
၁ 8 0,255,0,255,0,0,0,0,0,0 Myanmar 82 0 82 ၁	# ၁ [1041 ]0
ဒ 1 0,255,0,255,0,0,0,0,0,0 Myanmar 84 0 84 ဒ	# ဒ [1012 ]x
၅ 8 0,255,0,255,0,0,0,0,0,0 Myanmar 85 0 85 ၅	# ၅ [1045 ]0
ဏ 1 0,255,0,255,0,0,0,0,0,0 Myanmar 86 0 86 ဏ	# ဏ [100f ]x
ဍ 1 0,255,0,255,0,0,0,0,0,0 Myanmar 87 17 87 ဍ	# ဍ [1039 ]x
ဓ 1 0,255,0,255,0,0,0,0,0,0 Myanmar 88 17 88 ဓ	# ဓ [1039 ]x
၆ 8 0,255,0,255,0,0,0,0,0,0 Myanmar 89 0 89 ၆	# ၆ [1046 ]0
ဋ 1 0,255,0,255,0,0,0,0,0,0 Myanmar 90 0 90 ဋ	# ဋ [100b ]x
၇ 8 0,255,0,255,0,0,0,0,0,0 Myanmar 91 0 91 ၇	# ၇ [1047 ]0
ဓ 1 0,255,0,255,0,0,0,0,0,0 Myanmar 92 0 92 ဓ	# ဓ [1013 ]x
ဦ 1 0,255,0,255,0,0,0,0,0,0 Myanmar 93 0 93 ဦ	# ဦ [1026 ]x
၀ 8 0,255,0,255,0,0,0,0,0,0 Myanmar 94 0 94 ၀	# ၀ [1040 ]0
၏ 16 0,255,0,255,0,0,0,0,0,0 Myanmar 95 0 95 ၏	# ၏ [104f ]p
ဥ 1 0,255,0,255,0,0,0,0,0,0 Myanmar 96 0 96 ဥ	# ဥ [1025 ]x
ၷ 1 0,255,0,255,0,0,0,0,0,0 Myanmar 99 0 99 ၷ	# ၷ [1077 ]x
ဃ 1 0,255,0,255,0,0,0,0,0,0 Myanmar 101 0 101 ဃ	# ဃ [1003 ]x
ဵ 0 0,255,0,255,0,0,0,0,0,0 Myanmar 54 0 54 ဵ	# ဵ [1035 ]
ႂ 0 0,255,0,255,0,0,0,0,0,0 Myanmar 55 0 55 ႂ	# ႂ [1082 ]
၈ 8 0,255,0,255,0,0,0,0,0,0 Myanmar 70 0 70 ၈	# ၈ [1048 ]0
